-4.692091344999999691e+00
-4.609349695263157187e+00
-4.526608045526315571e+00
-4.443866395789473067e+00
-4.361124746052631451e+00
-4.278383096315788947e+00
-4.195641446578947331e+00
-4.112899796842104827e+00
-4.030158147105263211e+00
-3.947416497368420707e+00
-3.864674847631579091e+00
-3.781933197894736587e+00
-3.699191548157894527e+00
-3.616449898421052467e+00
-3.533708248684210407e+00
-3.450966598947368347e+00
-3.368224949210526287e+00
-3.285483299473684227e+00
-3.202741649736842167e+00
-3.120000000000000107e+00
