2.062832456980164767e-03
9.873834420096490316e-04
-8.806557296085537395e-05
-1.163514587931371380e-03
-2.238963602901875623e-03
-3.314412617872391359e-03
-4.389861632842896252e-03
-5.465310647813411554e-03
-6.540759662783916448e-03
-7.616208677754431750e-03
-8.691657692724936643e-03
-9.767106707695451945e-03
-1.084255572266595684e-02
-1.191800473763647214e-02
-1.299345375260698918e-02
-1.406890276757749234e-02
-1.514435178254799723e-02
-1.621980079751851253e-02
-1.729524981248902957e-02
-1.837069882745953273e-02
